[Configuration]
m_dRefLatitude_deg = 37.3962732790
m_dRefLongitude_deg = 127.1066872418
m_dRefHeight_m = 60.37
